Row | Iter | TargetRGB | Volumes | MeasuredRGB | Dist | #Train | R2 | MSE
A | 1 | [162 133 182] | [153, 0, 47] | [176 131 210] | 31.37 | 1 | nan | nan
A | 2 | [162 133 182] | [154, 0, 46] | [169 123 201] | 22.58 | 2 | 0.1755 | 13.62
A | 3 | [162 133 182] | [0, 0, 200] | [  0 206 206] | 179.30 | 3 | 0.6394 | 11.74
A | 4 | [162 133 182] | [162, 38, 0] | [165 129 179] | 5.83 | 4 | 0.9762 | 7.66
Row A matched with recipe [162, 38, 0]
B | 1 | [  0 198 170] | [72, 0, 128] | [ 43 146 208] | 77.44 | 1 | nan | nan
B | 2 | [  0 198 170] | [200, 0, 0] | [219 127 186] | 230.78 | 2 | 1.0000 | 0.00
B | 3 | [  0 198 170] | [0, 35, 165] | [  0 189 199] | 30.36 | 3 | 1.0000 | 0.00
B | 4 | [  0 198 170] | [0, 58, 142] | [  0 206 199] | 30.08 | 4 | 1.0000 | 0.00
B | 5 | [  0 198 170] | [26, 174, 0] | [  0 192 165] | 7.81 | 5 | 1.0000 | 0.00
Row B matched with recipe [26, 174, 0]
C | 1 | [ 87 123 189] | [200, 0, 0] | [211 130 184] | 124.30 | 1 | nan | nan
C | 2 | [ 87 123 189] | [0, 132, 68] | [  0 195 184] | 113.04 | 2 | 0.6666 | 0.16
C | 3 | [ 87 123 189] | [106, 94, 0] | [109 125 170] | 29.14 | 3 | 1.0000 | 0.00
C | 4 | [ 87 123 189] | [88, 112, 0] | [ 78 131 167] | 25.08 | 4 | 1.0000 | 0.00
C | 5 | [ 87 123 189] | [91, 0, 109] | [ 77 128 192] | 11.58 | 5 | 1.0000 | 0.01
Row C matched with recipe [91, 0, 109]
D | 1 | [131 108 177] | [77, 0, 123] | [ 59 132 197] | 78.49 | 1 | nan | nan
D | 2 | [131 108 177] | [93, 88, 19] | [ 89 125 169] | 46.01 | 2 | 1.0000 | 0.00
D | 3 | [131 108 177] | [0, 162, 38] | [  0 205 164] | 163.52 | 3 | 1.0000 | 0.00
D | 4 | [131 108 177] | [181, 0, 19] | [181 113 184] | 50.73 | 4 | 1.0000 | 0.00
D | 5 | [131 108 177] | [138, 0, 62] | [149 107 193] | 24.10 | 5 | 1.0000 | 0.00
D | 6 | [131 108 177] | [126, 49, 25] | [127 119 181] | 12.37 | 6 | 1.0000 | 0.00
Row D matched with recipe [126, 49, 25]
